<svg xmlns="http://www.w3.org/2000/svg" version="1.0" width="300.000000pt" height="278.000000pt" viewBox="0 0 300.000000 278.000000" preserveAspectRatio="xMidYMid meet">
<metadata>
Created by potrace 1.10, written by Peter Selinger 2001-2011
</metadata>
<g transform="translate(0.000000,278.000000) scale(0.100000,-0.100000)" fill="#000000" stroke="none">
<path d="M1726 1826 l-250 -223 -17 -82 c-20 -92 -50 -153 -85 -171 -26 -14 -44 -15 -156 -4 l-77 7 -36 -36 c-29 -29 -35 -42 -35 -78 -1 -24 -7 -55 -15 -69 -25 -43 -17 -51 22 -24 56 38 95 29 196 -44 118 -85 151 -104 255 -147 59 -24 108 -53 135 -77 39 -36 39 -37 6 -14 -38 27 -109 60 -115 53 -3 -2 -5 -58 -7 -123 -2 -100 1 -124 16 -147 21 -32 48 -37 40 -7 -3 11 0 20 6 20 6 0 11 -14 11 -30 0 -20 9 -40 27 -58 l28 -27 5 30 6 30 12 -39 c13 -44 38 -76 60 -76 12 0 14 23 9 158 -6 172 -19 239 -68 340 -37 76 -138 187 -200 220 -41 22 -38 18 33 -47 42 -39 93 -96 113 -126 42 -64 81 -167 89 -240 13 -102 17 -255 7 -255 -5 0 -12 8 -16 18 -3 9 -12 26 -20 36 -12 15 -17 17 -29 7 -12 -10 -18 -6 -36 29 -15 30 -26 40 -37 35 -26 -9 -33 14 -33 113 0 89 1 92 23 92 12 0 40 -9 61 -20 61 -30 73 -12 29 41 -25 29 -151 99 -179 99 -6 0 -22 6 -35 13 -42 22 -198 126 -204 137 -11 18 -100 53 -132 52 -31 -1 -33 1 -33 31 0 22 3 28 9 19 11 -18 41 -12 55 11 9 15 7 22 -12 38 l-24 19 25 9 c17 7 49 6 92 0 37 -6 81 -8 98 -5 67 13 125 101 142 218 9 58 5 54 141 174 230 206 316 279 327 279 23 0 14 -88 -14 -141 -27 -49 -27 -51 -8 -62 31 -20 18 -86 -30 -152 l-26 -35 25 16 c46 30 64 65 68 137 3 55 2 65 -9 55 -23 -23 -33 -14 -11 10 30 32 42 71 41 135 -2 117 13 124 -263 -122z m-578 -563 c-4 -22 -22 -20 -26 1 -2 10 3 16 13 16 10 0 15 -7 13 -17z"/>
<path d="M1907 1603 c-4 -3 -7 -19 -7 -35 0 -34 -20 -76 -49 -102 -16 -15 -20 -27 -16 -50 5 -26 0 -38 -32 -75 -21 -25 -37 -52 -35 -62 2 -10 -15 -32 -40 -53 -26 -22 -43 -45 -43 -59 0 -32 -27 -32 -66 3 -40 36 -103 70 -127 70 -9 0 6 -14 33 -32 28 -17 71 -48 96 -69 l46 -38 26 27 c29 31 34 48 15 55 -7 3 -4 6 8 6 26 1 71 48 79 84 6 23 5 26 -11 21 -11 -3 -4 3 14 15 37 24 72 76 72 108 0 17 -4 21 -17 16 -10 -3 -1 9 19 26 36 31 58 79 58 129 0 22 -10 29 -23 15z"/>
</g>
</svg>


=================

<svg xmlns="http://www.w3.org/2000/svg" version="1.0" width="300.000000pt" height="278.000000pt" viewBox="0 0 300.000000 278.000000" preserveAspectRatio="xMidYMid meet">
<metadata>
Created by potrace 1.10, written by Peter Selinger 2001-2011
</metadata>
<g transform="translate(0.000000,278.000000) scale(0.100000,-0.100000)" fill="#000000" stroke="none">
<path d="M1138 1324 c-32 -17 -58 -62 -58 -99 0 -14 -11 -43 -25 -65 -14 -22 -25 -42 -25 -45 0 -3 18 4 40 15 47 24 81 25 120 5 23 -12 30 -22 30 -46 0 -75 -49 -128 -176 -192 l-62 -30 -153 -325 c-85 -179 -156 -329 -157 -334 -2 -5 7 -7 20 -4 12 3 44 8 69 11 61 8 122 48 149 99 l22 41 -39 -42 c-21 -23 -52 -48 -69 -57 -34 -16 -114 -33 -114 -23 0 7 43 100 132 287 36 74 82 173 103 220 21 47 46 93 54 102 9 9 48 33 86 53 39 20 81 47 94 58 32 30 61 94 61 139 0 30 -6 41 -32 60 -22 15 -47 23 -73 23 l-40 0 10 32 c9 30 11 31 28 15 37 -33 75 22 41 59 -16 17 -16 22 -4 29 40 25 106 3 215 -70 98 -66 204 -166 254 -240 84 -125 107 -227 97 -438 -7 -145 -17 -199 -31 -157 -19 58 -29 75 -41 75 -8 0 -14 -4 -14 -10 0 -5 -4 -10 -10 -10 -5 0 -10 8 -10 19 0 35 -28 76 -52 76 -20 0 -23 6 -26 53 -3 47 19 144 37 164 7 8 72 -21 108 -47 20 -15 21 -15 18 2 -2 10 -4 24 -4 30 -1 21 -66 86 -105 107 -41 22 -66 11 -66 -30 0 -13 -5 -24 -10 -24 -6 0 -9 -3 -9 -7 4 -23 -3 -33 -22 -33 -18 0 -19 -2 -5 -15 8 -8 17 -15 20 -15 13 0 46 67 46 93 0 15 3 27 6 27 10 0 67 -41 102 -74 50 -47 38 -53 -14 -7 -26 23 -50 41 -55 41 -4 0 -22 -29 -40 -65 -26 -53 -32 -78 -33 -135 -1 -63 1 -72 27 -97 l27 -28 0 28 c0 15 4 27 8 27 4 0 8 -15 8 -34 0 -62 57 -116 67 -64 3 18 5 17 6 -7 1 -37 35 -95 55 -95 20 0 23 16 36 162 18 197 -7 347 -77 467 -59 102 -285 301 -396 349 -38 16 -116 14 -149 -4z m32 -68 c0 -21 -21 -31 -30 -15 -5 7 -6 17 -4 21 9 14 34 9 34 -6z"/>
<path d="M1470 733 c0 -29 -43 -83 -62 -77 -13 4 -23 -6 -38 -39 -12 -25 -32 -55 -45 -67 -24 -23 -25 -23 -45 -5 -19 17 -20 17 -30 -11 -20 -55 -34 -75 -68 -96 -28 -17 -38 -19 -53 -10 -15 10 -22 6 -46 -28 -33 -47 -130 -102 -143 -81 -5 10 -9 8 -14 -4 -9 -24 -8 -25 17 -25 56 1 136 58 164 118 10 20 11 22 7 5 -7 -29 7 -29 63 -2 47 23 82 65 84 101 1 16 3 18 6 6 5 -22 7 -22 43 -3 39 20 80 76 81 111 1 17 3 22 6 12 5 -22 12 -22 37 -3 43 32 76 115 46 115 -5 0 -10 -8 -10 -17z"/>
</g>
</svg>


===========================

<svg xmlns="http://www.w3.org/2000/svg" version="1.0" width="900.000000pt" height="834.000000pt" viewBox="0 0 900.000000 834.000000" preserveAspectRatio="xMidYMid meet">
<g transform="translate(0.000000,834.000000) scale(0.100000,-0.100000)" fill="#000000" stroke="none">
<path d="M5872 6080 c-13 -10 -62 -55 -110 -99 -48 -43 -100 -90 -117 -102 -16 -13 -41 -35 -55 -49 -41 -39 -108 -99 -195 -175 -98 -86 -93 -81 -146 -130 -24 -22 -80 -72 -124 -110 -44 -39 -100 -88 -124 -110 -60 -55 -56 -51 -145 -130 -44 -39 -87 -77 -96 -85 -8 -8 -69 -62 -135 -120 -195 -170 -215 -193 -215 -241 0 -37 -7 -74 -40 -224 -6 -27 -16 -72 -21 -100 -6 -27 -15 -54 -20 -59 -5 -6 -9 -16 -9 -24 0 -31 -58 -148 -104 -209 -35 -47 -112 -101 -165 -116 -54 -16 -176 -12 -261 7 -152 34 -177 37 -255 31 -148 -12 -265 -94 -306 -215 -20 -60 -25 -141 -9 -169 7 -14 3 -33 -16 -72 -57 -120 -64 -137 -64 -151 0 -8 -5 -19 -12 -26 -21 -21 3 -13 46 16 94 64 156 86 237 87 42 0 87 -5 100 -11 13 -6 47 -22 74 -34 62 -29 131 -76 309 -208 257 -193 409 -282 606 -357 25 -9 58 -23 73 -31 16 -8 35 -14 44 -14 8 0 27 -6 41 -14 15 -7 63 -31 107 -51 131 -63 236 -142 298 -227 15 -20 23 -39 18 -42 -5 -3 -11 1 -15 9 -3 8 -12 15 -20 15 -8 0 -16 3 -18 8 -5 12 -79 66 -143 104 -67 40 -210 93 -225 83 -6 -3 -10 -49 -10 -103 0 -88 -14 -309 -24 -390 -8 -56 23 -223 50 -279 24 -48 79 -103 103 -103 6 0 11 9 11 19 0 25 34 66 47 58 6 -4 14 -28 17 -54 8 -59 59 -162 92 -186 13 -10 37 -19 52 -20 25 -2 27 1 30 40 2 25 8 43 15 43 14 0 43 -51 53 -95 9 -35 55 -116 82 -142 27 -26 89 -56 104 -51 19 8 7 658 -15 818 -24 170 -60 344 -85 403 -7 16 -12 37 -12 47 0 10 -4 21 -9 25 -5 3 -13 20 -17 37 -3 18 -10 39 -15 48 -4 8 -18 38 -31 65 -100 218 -321 487 -528 642 -128 96 -140 107 -131 116 8 8 107 -35 163 -71 14 -9 48 -30 75 -46 26 -16 50 -32 53 -35 3 -4 34 -29 70 -57 36 -28 87 -72 115 -97 27 -26 57 -47 66 -47 44 0 159 129 159 178 0 10 -11 24 -26 30 -32 15 -23 29 24 38 20 4 48 14 62 22 37 23 110 94 121 117 5 11 13 27 17 35 29 52 42 85 42 107 0 20 -4 24 -20 20 -11 -3 -22 -2 -24 2 -7 10 42 61 58 61 13 0 97 78 121 112 30 42 70 150 79 217 l7 43 -35 -6 c-34 -7 -34 -6 -23 19 7 14 19 27 27 30 31 10 107 96 134 150 35 73 66 194 66 262 0 55 -6 61 -41 42 -12 -6 -27 -8 -35 -5 -11 4 3 23 48 69 108 110 148 216 148 396 l0 121 -29 0 c-17 0 -33 -4 -36 -10 -7 -12 -42 -13 -49 -2 -3 5 7 22 22 38 122 134 156 230 149 429 -2 72 -9 150 -15 175 -7 25 -14 55 -17 68 -6 27 -13 27 -43 2z m-2429 -2263 c4 -7 6 -27 5 -46 -2 -28 -8 -36 -31 -44 -62 -20 -107 60 -54 98 23 17 66 12 80 -8z"/>
</g>
</svg>

==============================

<svg xmlns="http://www.w3.org/2000/svg" version="1.0" width="900.000000pt" height="834.000000pt" viewBox="0 0 900.000000 834.000000" preserveAspectRatio="xMidYMid meet">
<g transform="translate(0.000000,834.000000) scale(0.100000,-0.100000)" fill="#000000" stroke="none">
<path d="M3545 4004 c-183 -29 -305 -170 -305 -354 0 -58 -4 -72 -29 -107 -39 -53 -103 -174 -97 -181 5 -4 74 26 160 71 11 5 56 12 100 14 71 5 89 2 146 -21 35 -15 82 -39 103 -53 l39 -27 -7 -101 c-10 -150 -43 -226 -141 -321 -96 -93 -197 -157 -444 -280 -138 -68 -127 -56 -198 -214 -16 -36 -54 -117 -84 -180 -31 -63 -68 -142 -83 -175 -15 -33 -54 -114 -85 -180 -32 -66 -75 -156 -95 -200 -20 -44 -49 -107 -65 -140 -16 -33 -38 -82 -50 -110 -13 -27 -64 -135 -115 -240 -184 -378 -265 -553 -265 -572 0 -14 15 -15 113 -10 61 3 126 10 142 16 17 6 55 17 85 26 134 40 278 142 335 239 13 22 33 47 44 53 19 12 20 11 14 -38 l-6 -51 49 5 c117 12 243 62 339 135 52 39 114 114 140 170 18 35 35 42 35 13 0 -28 21 -31 81 -10 181 63 334 196 366 319 9 35 33 53 33 26 0 -29 29 -29 83 -2 153 78 237 179 277 336 l12 45 14 -28 c8 -15 18 -27 22 -27 26 0 151 115 188 172 32 51 54 115 54 163 0 22 5 47 10 55 9 13 13 11 30 -10 l19 -25 41 40 c23 22 58 69 77 104 30 53 37 76 41 138 7 107 10 107 167 4 75 -49 220 -188 230 -221 3 -11 11 -20 16 -20 5 0 9 -9 9 -20 0 -11 -3 -20 -6 -20 -4 0 -32 25 -63 54 -129 126 -261 204 -261 155 0 -6 -11 -25 -24 -42 -35 -47 -79 -134 -98 -197 -9 -30 -25 -80 -35 -110 -13 -43 -17 -93 -17 -230 -1 -165 0 -178 22 -219 25 -46 78 -101 98 -101 7 0 15 18 19 40 6 37 20 58 31 48 5 -6 29 -99 39 -152 14 -82 108 -189 145 -166 8 5 19 28 25 52 5 24 15 43 20 43 6 0 15 -29 21 -65 15 -85 30 -124 70 -185 32 -49 104 -102 123 -91 10 6 15 39 31 196 5 58 14 130 20 160 5 30 15 154 21 275 23 484 -32 832 -179 1135 -20 40 -133 233 -141 240 -4 3 -19 24 -34 46 -36 53 -311 324 -513 506 -43 38 -99 78 -299 212 -66 44 -122 84 -125 88 -3 4 -28 17 -55 28 -28 12 -59 25 -70 30 -82 34 -232 56 -310 44z m-72 -205 c43 -23 50 -66 15 -99 -28 -25 -52 -26 -78 0 -26 26 -25 60 0 88 24 25 33 27 63 11z"/>
</g>
</svg>
